4.53822422218e-09
1.93122029671e-08
1.60457329388e-08
4.19090829688e-07
4.73039045633e-08
2.04037048259e-08
3.4175052035e-08
6.08057687513e-08
1.05596741665e-07
4.74640954682e-08
6.51181703321e-05
3.55996587453e-05
3.63583983984e-05
1.82414124794e-05
5.67309297568e-06
5.92504483347e-08
1.7987346489e-07
8.94428179307e-07
4.52885903547e-06
4.35816553022e-06
2.16615282653e-05
9.54958619226e-06
6.29292140948e-06
3.92935632569e-06
3.1530295322e-06
4.93777343425e-06
7.12274060441e-06
1.16316895307e-06
1.14423201328e-06
3.89470966114e-07
7.42127998937e-07
2.00531093998e-06
1.70871985897e-06
4.95427025335e-07
8.15817563922e-07
7.7038426288e-06
1.97401023898e-06
3.53588452909e-06
4.33827264203e-06
7.33987201443e-07
0.000321185310643
0.000185341909699
0.000152246550965
0.000198154522833
1.41444744464e-05
2.10816090328e-10
9.130555476e-10
2.99508503537e-09
2.18767939147e-10
1.59355601442e-08
2.09945551631e-05
4.32135779219e-05
0.000277932933278
0.000142622345833
0.000135425404584
2.98822654302e-06
1.28322031013e-06
2.71690545262e-07
1.07609384154e-06
7.12044738872e-06
1.46023673676e-07
1.34884027112e-06
3.87993686697e-06
2.2125936329e-06
4.53231511399e-07
5.16408840716e-06
7.09764142298e-05
2.23225652453e-05
6.46989949375e-05
3.64039651521e-05
3.0751862925e-07
5.00725625523e-08
5.23054008596e-09
2.49739139954e-09
2.34224699558e-08
0.000458327391012
0.000362277492251
0.000345764487229
7.46553531879e-05
0.000175104470822
